<!-- Written with Janus VR.  URL: file:///C:/Users/sirkitree/Desktop/VR/JanusVR_Win64/workspace/low-poly-landscape/index.html -->
<html>
<head>
<title></title>
</head>
<body>
<FireBoxRoom>
<Assets>
<AssetObject id="castle" src="VCastle.dae" />
<AssetObject id="tree2" src="tree_low-poly-double-trunk.dae" />
<AssetObject id="lullabot-head" src="lullabot-head.dae" />
<AssetObject id="clouds" src="clouds.dae" />
<AssetObject id="balloon" src="balloon.dae" />
<AssetObject id="tree1" src="tree_low-poly-single-trunk.dae" />
<AssetObject id="water" src="http://www.janusvr.com/home2/objects/waterobject.obj" tex0="http://www.janusvr.com/home2/other/fount.png" />
<AssetObject id="landscape" src="first-landscape.dae" />
<AssetShader id="water_shader" src="http://www.janusvr.com/home2/shaders/watershaderT.txt" vertex_src="http://www.janusvr.com/home2/shaders/water_vertex.txt" />
<AssetSound id="birds" src="rainforest.wav" />
</Assets>
<Room pos="1 0.8 3" xdir="1 0 0" ydir="0 1 0" zdir="0 0 1">
<Sound id="birds" js_id="0" pos="2 -12.1 84" rect="-100 -50 100 50" loop="true" />
<Object id="landscape" js_id="1" pos="0 -11 54" scale="10 10 10" collision_id="landscape" />
<Object id="lullabot-head" js_id="2" pos="-2 -4 17" xdir="-0.866025 -0.000001 -0.500001" ydir="0 1 -0.000001" zdir="0.500001 -0.000001 -0.866025" collision_id="lullabot-head" />
<Object id="water" js_id="3" pos="0 -11.099999 67" xdir="-1 0 0" ydir="0 0 -1" zdir="0 -1 0" scale="15 15 1" col="#7f7f7f" shader_id="water_shader" blend_src="dst_color" blend_dest="dst_alpha" />
<Object id="tree1" js_id="sirkitree-2-1457323425" pos="17 -9.400001 53" xdir="0 0 1" ydir="0.000001 1 0" zdir="-1 0.000001 0" collision_id="tree1" />
<Object id="tree1" js_id="sirkitree-3-1457323429" pos="19 -9 58" xdir="0 0 1" ydir="0.000001 1 0" zdir="-1 0.000001 0" collision_id="tree1" />
<Object id="tree1" js_id="sirkitree-4-1457323431" pos="16.222858 -7.780938 74.688614" xdir="-1 0.000001 0" ydir="0.000001 1 0" zdir="0 0 -1" collision_id="tree1" />
<Object id="tree1" js_id="sirkitree-5-1457323433" pos="12.994109 -8.907623 82.354012" xdir="-0.710104 -0.071683 0.700438" ydir="-0.027365 0.996862 0.074276" zdir="-0.703565 0.033576 -0.709837" collision_id="tree1" />
<Object id="tree1" js_id="sirkitree-6-1457323434" pos="15.677748 -8.235039 79.67128" xdir="-1 0.000001 0" ydir="0.000001 1 0" zdir="0 0 -1" collision_id="tree1" />
<Object id="tree1" js_id="sirkitree-7-1457323438" pos="-10 -6.8 44" xdir="1 0.000001 0" ydir="-0.000001 1 0" collision_id="tree1" />
<Object id="tree1" js_id="sirkitree-8-1457323440" pos="-3.5 -7.6 42.600002" collision_id="tree1" />
<Object id="tree2" js_id="sirkitree-10-1457323468" pos="10.2 -9.3 45" xdir="-0.124322 0.043275 0.991298" ydir="0.066478 0.997167 -0.035194" zdir="-0.990012 0.061524 -0.126847" collision_id="tree2" />
<Object id="tree2" js_id="sirkitree-11-1457323470" pos="18 -9 64" xdir="0 0.000001 1" ydir="0 1 -0.000001" zdir="-1 0 0" collision_id="tree2" />
<Object id="tree2" js_id="sirkitree-12-1457323472" pos="5.572273 -9.793411 85.033638" xdir="0 0 1" ydir="0.000001 1 0" zdir="-1 0.000001 0" collision_id="tree2" />
<Object id="tree2" js_id="sirkitree-13-1457323475" pos="-7.9 -10.6 84.400002" xdir="-1 0.000001 0" ydir="0.000001 1 0" zdir="0 0 -1" collision_id="tree2" />
<Object id="tree2" js_id="sirkitree-14-1457323701" pos="16.143589 -7.882289 78.657463" xdir="0 0 1" ydir="0.000001 1 0" zdir="-1 0.000001 0" collision_id="tree2" />
<Object id="castle" js_id="sirkitree-0-1457912449" pos="-30.9 13.8 144" xdir="-1 0 0" ydir="0 1 -0.000001" zdir="0 -0.000001 -1" scale="2 2 2" collision_id="castle" />
<Object id="clouds" js_id="sirkitree-1-1457927856" pos="-18.1 7 153" xdir="-0.499999 -0 0.866025" ydir="-0.75 0.5 -0.433012" zdir="-0.433013 -0.866025 -0.25" scale="12 12 12" collision_id="clouds" />
<Object id="clouds" js_id="sirkitree-2-1457928000" pos="-45.700001 6.7 144" xdir="0.491667 0 -0.870784" ydir="0.590428 0.735023 0.333371" zdir="0.640046 -0.678042 0.361386" scale="12 12 12" collision_id="clouds" />
<Object id="clouds" js_id="sirkitree-3-1457928063" pos="-23.6 3.8 150.600006" xdir="0.968119 -0 0.250492" ydir="-0.145499 0.814009 0.562334" zdir="-0.203903 -0.580853 0.788057" scale="12 12 12" collision_id="clouds" />
<Object id="clouds" js_id="sirkitree-4-1457928110" pos="-7.9 7.1 159.5" xdir="0.38476 -0.047884 -0.921774" ydir="0.912654 0.168959 0.372176" zdir="0.137921 -0.984459 0.10871" scale="12 12 12" collision_id="clouds" />
<Object id="balloon" js_id="sirkitree-2-1459088669" pos="13.000001 9.8 34" xdir="0.000001 -0 -1" ydir="0.000003 1 0" zdir="1 -0.000003 0.000001" scale="2 2 2" collision_id="balloon" />
</Room>
</FireBoxRoom>
</body>
</html>